00 00 00 00 00 00 00 00 
00 00 00 00 00 00 00 00 
00 00 00 00 00 00 00 00 
00 00 00 00 00 00 00 00 
00 00 00 00 00 00 00 00 
00 00 00 00 00 00 00 00 
00 00 00 00 00 00 00 00 
00 00 00 00 00 00 00 00 
00 00 00 00 00 00 00 00 
00 00 00 00 00 00 00 00 
00 00 00 00 00 00 00 00
f7 19 40 00 00 00 00 00
99 b2 5a 61 00 00 00 00
89 19 40 00 00 00 00 00
90 19 40 00 00 00 00 00
f7 19 40 00 00 00 00 00
33 18 f0 cb 00 00 00 00
c6 19 40 00 00 00 00 00
3f 1a 40 00 00 00 00 00
ac 19 40 00 00 00 00 00
73 16 40 00 00 00 00 00
