00 00 00 00 00 00 00 00 
00 00 00 00 00 00 00 00 
00 00 00 00 00 00 00 00 
00 00 00 00 00 00 00 00 
00 00 00 00 00 00 00 00 
00 00 00 00 00 00 00 00 
00 00 00 00 00 00 00 00 
00 00 00 00 00 00 00 00 
00 00 00 00 00 00 00 00 
00 00 00 00 00 00 00 00 
00 00 00 00 00 00 00 00 
00 00 00 00 00 00 00 00 
00 00 00 00 00 00 00 00 
00 00 00 00 00 00 00 00 
00 00 00 00 00 00 00 00 
00 00 00 00 00 00 00 00 
00 00 00 00 00 00 00 00 
00 00 00 00 00 00 00 00 
00 00 00 00 00 00 00 00
a6 19 40 00 00 00 00 00
2f 3f 08 20 00 00 00 00
4c 19 40 00 00 00 00 00
84 19 40 00 00 00 00 00
a6 19 40 00 00 00 00 00
85 95 a2 8a 00 00 00 00
c6 19 40 00 00 00 00 00
53 19 40 00 00 00 00 00
61 19 40 00 00 00 00 00
07 16 40 00 00 00 00 00
 

